# %ECSV 0.9
# ---
# datatype:
# - {name: meta_ID, datatype: int64}
# - {name: src_names, datatype: string}
# - {name: significance, datatype: float32}
# - {name: ra, datatype: float32}
# - {name: dec, datatype: float32}
# - {name: NEW_SOURCE, datatype: uint16}
# - {name: ISGRI_FLAG, datatype: int64}
# - {name: FLAG, datatype: int64}
# - {name: ERR_RAD, datatype: float64}
# meta: !!omap
# - {FRAME: fk5}
# - {LAT_NAME: dec}
# - {COORD_UNIT: deg}
# - {LON_NAME: ra}
# schema: astropy-2.0
meta_ID src_names significance ra dec NEW_SOURCE ISGRI_FLAG FLAG ERR_RAD
0 "IGR J15311-3737" 0.0 0.0 0.0 0 1 0 0.0750000029802
1 "IGR J15409-4057" 0.804126 235.259 -40.9678 0 1 0 0.00860999990255
2 "IGR J15479-4529" 0.0 0.0 0.0 0 1 0 0.000969999993686
3 "IGR J15549-3740" 0.24092 238.721 -37.67 0 1 0 0.0583299994469
4 "IGR J16016-3431" 0.299477 240.408 -34.528 0 1 0 0.0816700011492
5 "IGR J16095-3710" 1.49752 242.371 -37.179 0 1 0 0.076669998467
6 "HESS J1616-508" 0.0 0.0 0.0 0 1 0 0.033330000937
7 "IGR J16167-4957" 0.0 0.0 0.0 0 2 0 0.000169999999343
8 "IGR J16173-5023" 0.0 0.0 0.0 0 1 0 0.054999999702
9 "PSR J1617-5055" 0.0 0.0 0.0 0 2 0 0.000280000007479
10 "2E 1613.5-5053" 0.0 0.0 0.0 0 2 0 5.99999984843e-05
11 "IGR J16195-4945" 0.0 0.0 0.0 0 2 0 0.000169999999343
12 "IGR J16194-2810" 0.00839995 244.889 -28.1279 0 2 0 0.000169999999343
13 "Sco X-1" 0.0 0.0 0.0 0 2 0 2.99999992421e-05
14 "IGR J16207-5129" 0.0 0.0 0.0 0 2 0 0.000169999999343
15 "IGR J16226-2759" 2.23022 245.641 -27.995 0 1 0 0.0799999982119
16 "IGR J16248-4603" 1.91454 246.208 -46.0431 0 1 0 0.0783300027251
17 "SWIFT J1626.6-5156" 0.0 0.0 0.0 0 1 0 0.000969999993686
18 "H 1624-490" 0.0 0.0 0.0 0 2 0 0.000169999999343
19 "IGR J16283-4838" 0.0 0.0 0.0 0 1 0 0.00138999999035
20 "IGR J16287-5021" 0.0 0.0 0.0 0 2 0 0.000169999999343
21 "IGR J16285-4630" 0.0 0.0 0.0 0 1 0 0.0799999982119
22 "IGR J16293-4603" 0.827479 247.304 -46.0475 0 2 0 0.000169999999343
23 "IGR J16316-4028" 1.78201 247.9 -40.4667 0 1 0 0.0500000007451
24 "IGR J16318-4848" 0.0 0.0 0.0 0 1 0 0.00110999995377
25 "IGR J16320-4751" 0.0 0.0 0.0 0 2 0 0.000829999975394
26 "IGR J16328-4726" 0.0 0.0 0.0 0 2 0 0.000469999999041
27 "IGR J16327-4940" 0.0 0.0 0.0 0 1 0 0.0750000029802
28 "IGR J16336-4733" 0.0 0.0 0.0 0 1 0 0.00116999994498
29 "4U 1630-47" 0.0 0.0 0.0 0 2 0 0.000280000007479
30 "IGR J16358-4726" 0.0 0.0 0.0 0 2 0 0.000169999999343
31 "IGR J16374-5043" 0.0 0.0 0.0 0 1 0 0.00130999996327
32 "IGR J16385-2057" 0.570497 249.63 -20.9236 0 1 0 0.0010000000475
33 "IGR J16393-4643" 0.731855 0.0 0.0 0 2 0 0.000159999995958
34 "IGR J16413-4046" 1.29717 250.331 -40.7938 0 2 0 0.000180000002729
35 "IGR J16418-4532" 0.754193 250.462 -45.5408 0 1 0 0.00110999995377
36 "IGR J16424-2222" 0.0651241 250.605 -22.371 0 1 0 0.0750000029802
37 "IGR J16447-5138" 0.0 0.0 0.0 0 1 0 0.0750000029802
38 "GX 340+0" 1.65262 251.449 -45.6111 0 2 0 0.000280000007479
39 "IGR J16465-4507" 0.440027 251.648 -45.1178 0 1 0 0.00110999995377
40 "IGR J16479-4514" 0.0413809 252.027 -45.2022 0 2 0 0.000169999999343
41 "IGR J16482-3036" 0.598929 252.062 -30.585 0 1 0 0.000980000011623
42 "IGR J16486-1323" 0.0 0.0 0.0 0 1 0 0.0750000029802
43 "IGR J16493-4348" 0.811826 252.362 -43.8192 0 2 0 0.000169999999343
44 "IGR J16500-3307" 0.624455 252.483 -33.1171 0 1 0 0.000939999998081
45 "XTE J1652-453" 1.62396 253.085 -45.3443 0 2 0 0.000690000015311
46 "GRO J1655-40" 0.275166 253.501 -39.8458 0 2 0 2.99999992421e-05
47 "IGR J16547-1916" 0.67563 253.682 -19.275 0 2 0 0.000829999975394
48 "IGR J16558-4150" 0.204891 253.95 -41.83 0 1 0 0.0500000007451
49 "IGR J16560-4958" 0.0 0.0 0.0 0 1 0 0.0683299973607
50 "IGR J16558-5203" 0.0 0.0 0.0 0 1 0 0.000969999993686
51 "SWIFT J165616.5-3302" 0.343957 254.07 -33.0368 0 2 0 0.000419999996666
52 "IGR J16582-2937" 1.13732 254.548 -29.626 0 1 0 0.076669998467
53 "MAXI J1659-152" 0.0 0.0 0.0 0 1 0 0.0130000002682
54 "AX J1700.2-4220" 1.42874 255.075 -42.34 0 1 0 0.01600000076
55 "OAO 1657-415" 14.5562 255.2 -41.654 0 2 0 0.000140000003739
56 "XTE J1701-462" 0.0124422 255.244 -46.1857 0 2 0 2.99999992421e-05
57 "IGR J17014-4306" 0.872057 255.337 -43.092 0 1 0 0.035000000149
58 "XTE J1701-407" 0.059959 255.435 -40.8584 0 2 0 0.000169999999343
59 "GX 339-4" 0.0 0.0 0.0 0 2 0 0.000280000007479
60 "4U 1700-377" 17.4059 255.981 -37.8405 0 2 0 0.000280000007479
61 "IGR J17044-1844" 0.149474 0.0 0.0 0 1 0 0.076669998467
62 "GX 349+2" 14.9525 256.431 -36.4193 0 2 0 0.000280000007479
63 "H 1702-429" 0.144115 256.564 -43.0358 0 2 0 0.000169999999343
64 "H 1705-250" 0.60271 257.061 -25.0914 0 2 0 0.000560000014957
65 "IGR J17088-4008" 0.600585 257.208 -40.1419 0 1 0 0.0149999996647
66 "4U 1705-32" 0.0843113 257.226 -32.3325 0 2 0 0.000169999999343
67 "H 1705-440" 2.96899 257.227 -44.1021 0 2 0 0.000140000003739
68 "IGR J17091-3624" 0.269484 257.282 -36.4071 0 2 0 0.000159999995958
69 "XTE J1709-267" 1.40434 257.377 -26.6555 0 2 0 0.000169999999343
70 "IGR J17098-3628" 1.5849 257.441 -36.4663 0 1 0 0.000969999993686
71 "IGR J17099-2418" 0.803135 257.466 -24.302 0 1 0 0.056669998914
72 "XTE J1710-281" 1.67769 257.551 -28.1317 0 2 0 0.000280000007479
73 "4U 1708-40" 0.836806 258.099 -40.8428 0 2 0 0.000169999999343
74 "Oph Cluster" 1.30284 258.108 -23.3631 0 1 0 0.00999999977648
75 "SAX J1712.6-3739" 0.731667 258.142 -37.6433 0 1 0 0.00167000002693
76 "V2400 Oph" 1.47233 258.152 -24.2457 0 2 0 0.000280000007479
77 "RX J1713.7-3946" 1.09858 258.388 -39.7622 0 1 0 0.033330000937
78 "XTE J1716-389" 1.49598 258.983 -38.865 0 2 0 0.000169999999343
79 "IGR J17164-3803" 0.704074 259.123 -38.04 0 1 0 0.035000000149
80 "IGR J17174-2436" 0.01614 259.335 -24.606 0 1 0 0.0250000003725
81 "IGR J17177-3656" 0.45106 259.428 -36.9346 0 2 0 0.000159999995958
82 "XMMSL1 J171900.4-353" 0.128367 259.752 -35.5381 0 1 0 0.00221999990754
83 "IGR J17191-2821" 0.14674 259.813 -28.2992 0 1 0 0.00110999995377
84 "IGR J17196-1836" 0.0 0.0 0.0 0 1 0 0.0799999982119
85 "IGR J17195-4100" 0.436705 259.9 -41.0149 0 2 0 0.000169999999343
86 "IGR J17197-3010" 0.0348226 259.929 -30.18 0 1 0 0.035000000149
87 "IGR J17198-3020" 0.98752 259.962 -30.342 0 1 0 0.0633300021291
88 "XTE J1720-318" 0.35487 259.975 -31.7489 0 1 0 0.00832999963313
89 "IGR J17200-3116" 0.307013 260.025 -31.2832 0 2 0 0.000280000007479
90 "IGR J17204-3554" 0.263944 260.091 -35.8801 0 2 0 0.000280000007479
91 "IGR J17219-1509" 0.0 0.0 0.0 0 1 0 0.070000000298
92 "IGR J17233-2837" 1.60842 260.845 -28.631 0 1 0 0.00110999995377
93 "IGR J17239-3143" 0.736956 260.972 -31.721 0 1 0 0.0816700011492
94 "IGR J17252-3616" 1.7351 261.297 -36.2831 0 1 0 0.00110999995377
95 "IGR J17254-3257" 0.834432 261.353 -32.9542 0 2 0 0.00054999999702
96 "IGR J17269-4737" 0.0 0.0 0.0 0 1 0 0.00221999990754
97 "4U 1722-30" 3.09186 261.888 -30.8019 0 2 0 0.000280000007479
98 "IGR J17285-2922" 1.91689 262.163 -29.3625 0 1 0 0.000969999993686
99 "IGR J17299-4404" 1.25827 262.486 -44.068 0 1 0 0.0716700032353
100 "IGR J17306-2015" 0.888328 262.601 -20.272 0 1 0 0.0130000002682
101 "IGR J17315-3221" 0.186718 262.818 -32.306 0 1 0 0.035000000149
102 "IGR J17314-2854" 0.0559498 262.854 -28.895 0 1 0 0.05333000049
103 "3A 1728-169" 0.0 0.0 0.0 0 2 0 0.000280000007479
104 "GX 354-0" 8.80015 262.986 -33.8332 0 2 0 0.000280000007479
105 "V2487 Oph" 0.343604 0.0 0.0 0 2 0 0.000280000007479
106 "GX 1+4" 4.26395 263.011 -24.7573 0 2 0 0.000280000007479
107 "IGR J17331-2406" 2.22472 263.304 -24.1561 0 1 0 0.0299999993294
108 "4U 1730-335" 0.158397 263.35 -33.3878 0 2 0 0.000280000007479
109 "IGR J17350-2045" 0.800346 263.579 -20.7588 0 2 0 0.000560000014957
110 "SWIFT J1734.5-3027" 0.203142 263.602 -30.3983 0 1 0 0.000969999993686
111 "IGR J17348-2045" 0.02734 263.745 -20.7586 0 1 0 0.00130000000354
112 "IGR J17353-3539" 0.93741 263.848 -35.6705 0 1 0 0.000969999993686
113 "IGR J17354-3255" 2.28426 263.865 -32.9318 0 2 0 0.000280000007479
114 "IGR J17361-4441" 0.172642 264.073 -44.735 0 2 0 0.000169999999343
115 "GRS 1734-292" 0.837566 264.368 -29.134 0 2 0 2.99999992421e-05
116 "IGR J17375-3022" 0.997241 264.391 -30.3876 0 1 0 0.000969999993686
117 "IGR J17379-3747" 0.712909 264.495 -37.7721 0 2 0 0.000390000001062
118 "SLX 1735-269" 0.812073 264.571 -26.9941 0 2 0 0.000169999999343
119 "4U 1735-444" 0.248405 264.743 -44.45 0 2 0 0.000280000007479
120 "IGR J17391-3021" 0.168526 264.798 -30.3438 0 2 0 0.000280000007479
121 "AX J1739.3-2923" 0.115367 264.829 -29.3983 0 1 0 0.01600000076
122 "IGR J17394-3007" 2.08503 264.861 -30.121 0 1 0 0.070000000298
123 "GRS 1736-297" 0.448891 264.888 -29.7239 0 1 0 0.0166699998081
124 "XTE J1739-285" 2.43884 264.975 -28.4963 0 2 0 2.99999992421e-05
125 "AX J1740.2-2903" 0.530894 265.074 -29.0656 0 1 0 0.01600000076
126 "IGR J17404-3655" 0.671232 265.112 -36.9271 0 2 0 0.000269999989541
127 "SLX 1737-282" 0.660898 265.163 -28.2967 0 1 0 0.00583000015467
128 "IGR J17407-2808" 0.0030736 265.175 -28.124 0 2 0 0.000190000006114
129 "IGR J17410-4156" 1.19039 265.247 -41.934 0 1 0 0.0783300027251
130 "IGR J17413-1912" 0.0 0.0 0.0 0 1 0 0.0649999976158
131 "IGR J17413-2344" 1.37972 265.318 -23.748 0 1 0 0.0716700032353
132 "IGR J17419-2802" 0.816937 265.483 -28.0318 0 1 0 0.000969999993686
133 "IGR J17427-3018" 0.0599079 265.67 -30.3767 0 1 0 0.00121999997646
134 "XTE J1743-363" 0.52809 265.755 -36.3728 0 2 0 0.000169999999343
135 "1E 1740.7-2942" 2.87943 265.978 -29.7452 0 2 0 2.99999992421e-05
136 "IGR J17445-2747" 1.2786 266.117 -27.7558 0 1 0 0.00141000002623
137 "IGR J17448-3232" 0.757622 266.156 -32.5389 0 1 0 0.00110999995377
138 "KS 1741-293" 1.13099 266.233 -29.3519 0 1 0 0.00999999977648
139 "GRS 1741.9-2853" 0.00985153 266.26 -28.9139 0 2 0 0.000140000003739
140 "IGR J17453-2853" -28.9139 266.26 -28.9139 0 2 0 0.000140000003739
141 "SWIFT J174510.8-2624" 0.418907 266.294 -26.4041 0 2 0 0.000609999988228
142 "IGR J17454-2703" 0.218521 266.329 -27.0389 0 1 0 0.0166699998081
143 "IGR J17456-2901b" 0.786436 266.413 -29.0289 0 1 0 0.033330000937
144 "IGR J17456-2901" 0.0567333 266.427 -28.9911 0 1 0 0.0125000001863
145 "1E 1742.8-2853" -28.9136 266.5 -28.9136 0 2 0 0.000280000007479
146 "1A 1742-294" 1.87934 266.523 -29.5153 0 2 0 0.000280000007479
147 "IGR J17461-2853" 0.0731552 266.525 -28.8819 0 1 0 0.00999999977648
148 "IGR J17461-2204" 0.805679 266.533 -22.0589 0 1 0 0.0616700015962
149 "IGR J17464-3213" 1.7817 266.567 -32.2331 0 1 0 0.00332999997772
150 "1E 1743.1-2843" 1.94239e-08 266.587 -28.7289 0 2 0 0.000419999996666
151 "1RXS J174607.8-21333" 1.43214 266.6 -21.55 0 1 0 0.00332999997772
152 "IGR J17467-2848" 0.195148 266.683 -28.805 0 1 0 0.066660001874
153 "IGR J17468-2902" 0.0471496 266.69 -29.045 0 1 0 0.066660001874
154 "1A 1743-288" 0.371646 266.761 -28.883 0 2 0 2.99999992421e-05
155 "IGR J17464-2811" 1.28512 266.817 -28.18 0 2 0 0.000140000003739
156 "IGR J17473-2721" 1.75453 266.825 -27.3441 0 2 0 0.000220000001718
157 "IGR J17475-2822" 0.410061 266.829 -28.4 0 1 0 0.0166699998081
158 "SLX 1744-299" 0.823016 266.858 -30.0206 0 1 0 0.00282999989577
159 "IGR J17476-2253" 0.895414 266.875 -22.8787 0 1 0 0.00132999999914
160 "IGR J17479-2807" 0.0263393 266.982 -28.121 0 1 0 0.0149999996647
161 "GX 3+1" 0.656452 266.983 -26.5636 0 2 0 0.000829999975394
162 "EXO 1745-248" 0.529856 267.022 -24.7805 0 2 0 4.99999987369e-05
163 "1A 1744-361" 0.685947 267.08 -36.1213 0 2 0 0.000280000007479
164 "IGR J17488-2338" 1.16866 267.162 -23.5908 0 1 0 0.00141999998596
165 "IGR J17487-3124" 0.59321 267.171 -31.3819 0 1 0 0.0500000007451
166 "H 1745-203" 0.0704567 267.223 -20.3672 0 1 0 0.0166699998081
167 "IGR J17488-3253" 0.260024 267.228 -32.9133 0 1 0 0.000980000011623
168 "AX J1749.1-2733" 1.55536 267.288 -27.5533 0 1 0 0.01600000076
169 "AX J1749.2-2725" 0.201305 267.292 -27.4211 0 1 0 0.0166699998081
170 "GRO J1750-27" 0.182865 267.3 -26.6472 0 1 0 0.033330000937
171 "IGR J17494-3030" 1.11081 267.349 -30.4998 0 2 0 0.000609999988228
172 "SWIFT J1749.4-2807" 0.45596 267.383 -28.1347 0 2 0 0.000530000019353
173 "IGR J17497-2821" 0.887426 267.408 -28.3548 0 2 0 0.000280000007479
174 "SLX 1746-331" 1.82024 267.461 -33.1986 0 1 0 0.00972000043839
175 "IGR J17498-2921" 0.05356 267.481 -29.3221 0 2 0 0.000169999999343
176 "1H 1746-370" 1.77863 267.553 -37.0522 0 2 0 0.000280000007479
177 "SAX J1750.8-2900" 0.334813 267.6 -29.0383 0 1 0 0.00167000002693
178 "IGR J17507-2647" 0.608053 267.664 -26.7434 0 2 0 0.000269999989541
179 "IGR J17507-2856" 1.59915 267.679 -28.9411 0 1 0 0.036669999361
180 "GRS 1747-312" 1.80696 267.69 -31.2922 0 2 0 0.000280000007479
181 "IGR J17511-3057" 2.13684 267.786 -30.9614 0 2 0 0.000169999999343
182 "IGR J17513-2011" 0.207785 267.804 -20.204 0 1 0 0.00361000001431
183 "XTE J1751-305" 0.223804 267.817 -30.625 0 2 0 0.000169999999343
184 "1RXS J175113.3-20121" 0.0602738 267.854 -20.2019 0 1 0 0.0128300003707
185 "XTE J1752-223" 0.104117 268.0 -22.3 0 1 0 0.0500000007451
186 "SAX J1753.5-2349" 0.316339 268.383 -23.8201 0 1 0 0.0010300000431
187 "AX J1753.5-2745" 0.07961 268.389 -27.7741 0 1 0 0.00139999995008
188 "IGR J17536-2339" 0.53773 268.4 -23.65 0 1 0 0.0666700005531
189 "SWIFT J1753.7-2544" 1.08643 268.416 -25.7539 0 2 0 2.99999992421e-05
190 "IGR J17541-2252" 0.978677 268.525 -22.8667 0 1 0 0.0666700005531
191 "AX J1754.2-2754" 1.21827 268.561 -27.9095 0 1 0 0.00104999996256
192 "IGR J17544-2619" 1.87369 268.605 -26.3313 0 2 0 0.000169999999343
193 "IGR J17559-2612" 1.2196 268.991 -26.23 0 1 0 0.0010000000475
194 "IGR J17585-3057" 1.42187 269.638 -30.9561 0 1 0 0.033330000937
195 "IGR J17586-2129" 0.179456 269.644 -21.3893 0 2 0 0.000269999989541
196 "IGR J17597-2201" 0.445325 0.0 0.0 0 2 0 0.000169999999343
197 "GX 5-1" 0.0 0.0 0.0 0 2 0 0.000829999975394
198 "GRS 1758-258" 0.0 0.0 0.0 0 2 0 0.000280000007479
199 "GX 9+1" 0.0 0.0 0.0 0 2 0 0.000829999975394
200 "IGR J18044-2739" 0.0 0.0 0.0 0 1 0 0.0130000002682
201 "SAX J1806.5-2215" 0.0 0.0 0.0 0 2 0 0.000609999988228
202 "XTE J1807-294" 0.0 0.0 0.0 0 2 0 0.000280000007479
203 "SAX J1808.4-3658" 0.0 0.0 0.0 0 2 0 2.99999992421e-05
204 "IGR J18088-2741" 0.0 0.0 0.0 0 1 0 0.0250000003725
205 "SAX J1810.8-2609" 0.0 0.0 0.0 0 1 0 0.00167000002693
206 "IGR J18136-2739" 0.0 0.0 0.0 0 1 0 0.0683299973607
207 "IGR J18159-3353" 0.0 0.0 0.0 0 1 0 0.0666700005531
208 "XTE J1817-330" 0.0 0.0 0.0 0 2 0 5.99999984843e-05
209 "H 1820-303" 0.0 0.0 0.0 0 2 0 9.99999974738e-06
210 "IGR J18249-3243" 0.0 0.0 0.0 0 1 0 0.0010300000431
211 "3A 1822-371" 0.0 0.0 0.0 0 2 0 0.000280000007479
